  54.00000	   0.00000	   0.00000	   0.00000	   0.00000	   0.00000	   0.00000	   0.00000	   0.00000	   0.00000	 180.00000
  54.00000	  13.50000	   0.00000	   0.00000	   0.00000	   0.00000	   0.00000	   0.00000	   0.00000	  45.00000	 180.00000
  54.00000	  20.25000	   3.37500	   0.00000	   0.00000	   0.00000	   0.00000	   0.00000	  11.25000	  67.50000	 180.00000
  54.00000	  24.46875	   6.75000	   0.84375	   0.00000	   0.00000	   0.00000	   2.81250	  22.50000	  81.56250	 180.00000
  54.00000	  27.42188	   9.70312	   2.10938	   0.21094	   0.00000	   0.70312	   7.03125	  32.34375	  91.40625	 180.00000
  54.00000	  29.63672	  12.23438	   3.53320	   0.63281	   0.22852	   2.10938	  11.77734	  40.78125	  98.78906	 180.00000
  54.00000	  31.37695	  14.40967	   4.98340	   1.25684	   0.79980	   4.05615	  16.61133	  48.03223	 104.58984	 180.00000
  54.00000	  32.79089	  16.29492	   6.40833	   2.07422	   1.72815	   6.38086	  21.32776	  54.31641	 109.30298	 180.00000
  54.00000	  33.96918	  17.94727	   7.79645	   3.07123	   2.97784	   8.95441	  25.83820	  59.81589	 113.23059	 180.00000
  54.00000	  34.97141	  19.41504	   9.15285	   4.22919	   4.49533	  11.68121	  30.11167	  64.67514	 116.56927	 180.00000
  54.00000	  35.83946	  20.73858	  10.48748	   5.52664	   6.22527	  14.49236	  34.14492	  69.00780	 119.45342	 180.00000
  54.00000	  36.60438	  21.95103	  11.81005	   6.94151	   8.11738	  17.33873	  37.94750	  72.90349	 121.97866	 180.00000
  54.00000	  37.28995	  23.07912	  13.12816	   8.45261	  10.12875	  20.18558	  41.53430	  76.43328	 124.21520	 180.00000
  54.00000	  37.91475	  24.14408	  14.44701	  10.04053	  12.22392	  23.00856	  44.92187	  79.65402	 126.21592	 180.00000
  54.00000	  38.49340	  25.16248	  15.76966	  11.68800	  14.37423	  25.79073	  48.12658	  82.61146	 128.02147	 180.00000
  54.00000	  39.03732	  26.14701	  17.09745	  13.37997	  16.55680	  28.52057	  51.16384	  85.34274	 129.66360	 180.00000
  54.00000	  39.55541	  27.10720	  18.43047	  15.10355	  18.75353	  31.19044	  54.04774	  87.87823	 131.16748	 180.00000
  54.00000	  40.05450	  28.05007	  19.76792	  16.84777	  20.95026	  33.79554	  56.79104	  90.24292	 132.55330	 180.00000
  54.00000	  40.53977	  28.98064	  21.10842	  18.60343	  23.13596	  36.33310	  59.40513	  92.45755	 133.83738	 180.00000
  54.00000	  41.01504	  29.90237	  22.45023	  20.36281	  25.30211	  38.80182	  61.90023	  94.53940	 135.03308	 180.00000
  54.00000	  41.48311	  30.81750	  23.79141	  22.11949	  27.44221	  41.20150	  64.28542	  96.50303	 136.15139	 180.00000
  54.00000	  41.94593	  31.72738	  25.12995	  23.86815	  29.55135	  43.53266	  66.56884	  98.36072	 137.20145	 180.00000
  54.00000	  42.40481	  32.63266	  26.46386	  25.60440	  31.62588	  45.79638	  68.75776	 100.12293	 138.19090	 180.00000
  54.00000	  42.86057	  33.53350	  27.79120	  27.32464	  33.66313	  47.99410	  70.85871	 101.79863	 139.12618	 180.00000
  54.00000	  43.31366	  34.42969	  29.11013	  29.02590	  35.66125	  50.12751	  72.87754	 103.39554	 140.01275	 180.00000
  54.00000	  43.76425	  35.32079	  30.41896	  30.70580	  37.61898	  52.19845	  74.81953	 104.92034	 140.85526	 180.00000
  54.00000	  44.21233	  36.20620	  31.71613	  32.36238	  39.53555	  54.20885	  76.68946	 106.37887	 141.65772	 180.00000
  54.00000	  44.65771	  37.08521	  33.00021	  33.99411	  41.41058	  56.16068	  78.49166	 107.77623	 142.42357	 180.00000
  54.00000	  45.10016	  37.95709	  34.26994	  35.59975	  43.24399	  58.05590	  80.23006	 109.11692	 143.15584	 180.00000
  54.00000	  45.53935	  38.82107	  35.52418	  37.17836	  45.03591	  59.89646	  81.90824	 110.40494	 143.85715	 180.00000
  54.00000	  45.97494	  39.67642	  36.76195	  38.72920	  46.78666	  61.68427	  83.52947	 111.64382	 144.52981	 180.00000
  54.00000	  46.40658	  40.52243	  37.98238	  40.25175	  48.49670	  63.42117	  85.09676	 112.83673	 145.17586	 180.00000
  54.00000	  46.83390	  41.35845	  39.18473	  41.74565	  50.16658	  65.10895	  86.61285	 113.98652	 145.79711	 180.00000
  54.00000	  47.25656	  42.18388	  40.36839	  43.21065	  51.79694	  66.74933	  88.08029	 115.09575	 146.39519	 180.00000
  54.00000	  47.67425	  42.99818	  41.53283	  44.64666	  53.38846	  68.34397	  89.50142	 116.16674	 146.97153	 180.00000
  54.00000	  48.08667	  43.80086	  42.67762	  46.05365	  54.94189	  69.89446	  90.87839	 117.20161	 147.52745	 180.00000
  54.00000	  48.49355	  44.59150	  43.80244	  47.43170	  56.45797	  71.40230	  92.21321	 118.20226	 148.06413	 180.00000
  54.00000	  48.89465	  45.36975	  44.90702	  48.78096	  57.93749	  72.86894	  93.50774	 119.17047	 148.58263	 180.00000
  54.00000	  49.28976	  46.13529	  45.99119	  50.10160	  59.38122	  74.29578	  94.76372	 120.10783	 149.08393	 180.00000
  54.00000	  49.67870	  46.88788	  47.05482	  51.39390	  60.78996	  75.68413	  95.98276	 121.01583	 149.56892	 180.00000
  54.00000	  50.06132	  47.62732	  48.09786	  52.65815	  62.16448	  77.03524	  97.16637	 121.89584	 150.03842	 180.00000
  54.00000	  50.43749	  48.35346	  49.12030	  53.89466	  63.50559	  78.35034	  98.31595	 122.74911	 150.49317	 180.00000
  54.00000	  50.80711	  49.06618	  50.12218	  55.10380	  64.81404	  79.63055	  99.43284	 123.57684	 150.93386	 180.00000
  54.00000	  51.17010	  49.76541	  51.10358	  56.28595	  66.09061	  80.87700	 100.51827	 124.38009	 151.36114	 180.00000
  54.00000	  51.52640	  50.45112	  52.06463	  57.44153	  67.33604	  82.09072	 101.57341	 125.15990	 151.77559	 180.00000
  54.00000	  51.87598	  51.12332	  53.00548	  58.57093	  68.55108	  83.27272	 102.59936	 125.91720	 152.17777	 180.00000
  54.00000	  52.21882	  51.78203	  53.92630	  59.67461	  69.73645	  84.42397	 103.59716	 126.65288	 152.56819	 180.00000
  54.00000	  52.55492	  52.42729	  54.82731	  60.75299	  70.89287	  85.54539	 104.56779	 127.36778	 152.94731	 180.00000
  54.00000	  52.88428	  53.05920	  55.70873	  61.80654	  72.02103	  86.63786	 105.51219	 128.06267	 153.31560	 180.00000
  54.00000	  53.20694	  53.67785	  56.57080	  62.83571	  73.12162	  87.70224	 106.43123	 128.73828	 153.67347	 180.00000
  54.00000	  53.52293	  54.28336	  57.41379	  63.84096	  74.19529	  88.73933	 107.32574	 129.39531	 154.02130	 180.00000
  54.00000	  53.83231	  54.87586	  58.23798	  64.82275	  75.24272	  89.74992	 108.19653	 130.03442	 154.35948	 180.00000
  54.00000	  54.13512	  55.45550	  59.04364	  65.78155	  76.26453	  90.73477	 109.04435	 130.65621	 154.68834	 180.00000
  54.00000	  54.43144	  56.02244	  59.83108	  66.71782	  77.26134	  91.69461	 109.86992	 131.26128	 155.00823	 180.00000
  54.00000	  54.72133	  56.57685	  60.60061	  67.63202	  78.23378	  92.63012	 110.67393	 131.85018	 155.31943	 180.00000
  54.00000	  55.00488	  57.11891	  61.35252	  68.52460	  79.18242	  93.54199	 111.45704	 132.42343	 155.62226	 180.00000
  54.00000	  55.28217	  57.64880	  62.08714	  69.39604	  80.10786	  94.43086	 112.21987	 132.98154	 155.91699	 180.00000
  54.00000	  55.55328	  58.16673	  62.80478	  70.24677	  81.01065	  95.29736	 112.96304	 133.52499	 156.20388	 180.00000
  54.00000	  55.81832	  58.67288	  63.50576	  71.07724	  81.89136	  96.14210	 113.68711	 134.05422	 156.48319	 180.00000
  54.00000	  56.07738	  59.16746	  64.19041	  71.88790	  82.75052	  96.96567	 114.39263	 134.56968	 156.75515	 180.00000
  54.00000	  56.33056	  59.65068	  64.85905	  72.67918	  83.58865	  97.76862	 115.08016	 135.07179	 157.02000	 180.00000
  54.00000	  56.57795	  60.12274	  65.51199	  73.45152	  84.40628	  98.55151	 115.75018	 135.56093	 157.27794	 180.00000
  54.00000	  56.81966	  60.58385	  66.14956	  74.20532	  85.20390	  99.31487	 116.40320	 136.03750	 157.52921	 180.00000
  54.00000	  57.05579	  61.03423	  66.77207	  74.94103	  85.98200	 100.05921	 117.03969	 136.50185	 157.77398	 180.00000
  54.00000	  57.28645	  61.47408	  67.37985	  75.65903	  86.74106	 100.78503	 117.66011	 136.95434	 158.01245	 180.00000
  54.00000	  57.51175	  61.90362	  67.97320	  76.35974	  87.48154	 101.49281	 118.26490	 137.39531	 158.24481	 180.00000
  54.00000	  57.73178	  62.32305	  68.55244	  77.04356	  88.20391	 102.18301	 118.85448	 137.82508	 158.47123	 180.00000
  54.00000	  57.94665	  62.73258	  69.11787	  77.71087	  88.90860	 102.85610	 119.42926	 138.24397	 158.69189	 180.00000
  54.00000	  58.15647	  63.13242	  69.66980	  78.36205	  89.59604	 103.51252	 119.98965	 138.65227	 158.90694	 180.00000
  54.00000	  58.36134	  63.52278	  70.20852	  78.99748	  90.26666	 104.15268	 120.53602	 139.05028	 159.11654	 180.00000
  54.00000	  58.56136	  63.90385	  70.73432	  79.61754	  90.92087	 104.77701	 121.06875	 139.43828	 159.32084	 180.00000
  54.00000	  58.75665	  64.27585	  71.24751	  80.22257	  91.55907	 105.38591	 121.58820	 139.81654	 159.51999	 180.00000
  54.00000	  58.94728	  64.63896	  71.74836	  80.81293	  92.18166	 105.97977	 122.09471	 140.18532	 159.71413	 180.00000
  54.00000	  59.13338	  64.99339	  72.23715	  81.38897	  92.78900	 106.55898	 122.58863	 140.54487	 159.90339	 180.00000
  54.00000	  59.31504	  65.33933	  72.71417	  81.95102	  93.38149	 107.12390	 123.07028	 140.89544	 160.08791	 180.00000
  54.00000	  59.49235	  65.67697	  73.17967	  82.49943	  93.95947	 107.67489	 123.53997	 141.23727	 160.26782	 180.00000
  54.00000	  59.66542	  66.00649	  73.63393	  83.03450	  94.52332	 108.21231	 123.99803	 141.57058	 160.44323	 180.00000
  54.00000	  59.83433	  66.32808	  74.07721	  83.55656	  95.07336	 108.73649	 124.44473	 141.89560	 160.61426	 180.00000
  54.00000	  59.99919	  66.64193	  74.50977	  84.06592	  95.60994	 109.24777	 124.88039	 142.21255	 160.78103	 180.00000
  54.00000	  60.16007	  66.94820	  74.93185	  84.56289	  96.13339	 109.74647	 125.30527	 142.52163	 160.94365	 180.00000
  54.00000	  60.31709	  67.24708	  75.34370	  85.04776	  96.64404	 110.23290	 125.71966	 142.82305	 161.10223	 180.00000
  54.00000	  60.47031	  67.53874	  75.74556	  85.52081	  97.14218	 110.70737	 126.12382	 143.11700	 161.25688	 180.00000
  54.00000	  60.61984	  67.82334	  76.13767	  85.98234	  97.62814	 111.17019	 126.51800	 143.40367	 161.40769	 180.00000
  54.00000	  60.76575	  68.10105	  76.52025	  86.43262	  98.10220	 111.62163	 126.90247	 143.68326	 161.55476	 180.00000
  54.00000	  60.90814	  68.37202	  76.89354	  86.87192	  98.56466	 112.06198	 127.27745	 143.95594	 161.69820	 180.00000
  54.00000	  61.04708	  68.63643	  77.25776	  87.30051	  99.01581	 112.49152	 127.64321	 144.22188	 161.83808	 180.00000
  54.00000	  61.18265	  68.89442	  77.61312	  87.71865	  99.45591	 112.91051	 127.99995	 144.48126	 161.97451	 180.00000
  54.00000	  61.31493	  69.14615	  77.95983	  88.12658	  99.88525	 113.31922	 128.34792	 144.73425	 162.10757	 180.00000
  54.00000	  61.44400	  69.39177	  78.29810	  88.52456	 100.30407	 113.71790	 128.68733	 144.98100	 162.23735	 180.00000
  54.00000	  61.56994	  69.63141	  78.62813	  88.91282	 100.71265	 114.10680	 129.01839	 145.22167	 162.36392	 180.00000
  54.00000	  61.69282	  69.86522	  78.95012	  89.29161	 101.11123	 114.48616	 129.34131	 145.45641	 162.48738	 180.00000
  54.00000	  61.81272	  70.09335	  79.26427	  89.66114	 101.50006	 114.85622	 129.65630	 145.68538	 162.60779	 180.00000
  54.00000	  61.92970	  70.31592	  79.57076	  90.02165	 101.87937	 115.21720	 129.96355	 145.90871	 162.72524	 180.00000
  54.00000	  62.04383	  70.53307	  79.86977	  90.37336	 102.24940	 115.56933	 130.26325	 146.12655	 162.83980	 180.00000
  54.00000	  62.15518	  70.74494	  80.16149	  90.71647	 102.61037	 115.91283	 130.55560	 146.33904	 162.95154	 180.00000
  54.00000	  62.26382	  70.95164	  80.44610	  91.05120	 102.96251	 116.24790	 130.84076	 146.54630	 163.06053	 180.00000
  54.00000	  62.36982	  71.15330	  80.72376	  91.37775	 103.30603	 116.57477	 131.11893	 146.74847	 163.16684	 180.00000
  54.00000	  62.47324	  71.35004	  80.99464	  91.69632	 103.64115	 116.89363	 131.39028	 146.94568	 163.27054	 180.00000
  54.00000	  62.57413	  71.54199	  81.25891	  92.00711	 103.96806	 117.20467	 131.65497	 147.13804	 163.37169	 180.00000
  54.00000	  62.67256	  71.72926	  81.51673	  92.31030	 104.28697	 117.50809	 131.91316	 147.32569	 163.47036	 180.00000
  54.00000	  62.76860	  71.91195	  81.76825	  92.60608	 104.59808	 117.80408	 132.16503	 147.50872	 163.56660	 180.00000
  54.00000	  62.86229	  72.09019	  82.01363	  92.89462	 104.90158	 118.09282	 132.41071	 147.68727	 163.66048	 180.00000
  54.00000	  62.95369	  72.26407	  82.25302	  93.17612	 105.19765	 118.37448	 132.65038	 147.86143	 163.75206	 180.00000
  54.00000	  63.04286	  72.43371	  82.48656	  93.45073	 105.48647	 118.64925	 132.88417	 148.03132	 163.84139	 180.00000
  54.00000	  63.12986	  72.59921	  82.71439	  93.71862	 105.76823	 118.91728	 133.11223	 148.19705	 163.92852	 180.00000
  54.00000	  63.21473	  72.76067	  82.93665	  93.97997	 106.04309	 119.17876	 133.33470	 148.35871	 164.01352	 180.00000
  54.00000	  63.29753	  72.91818	  83.15348	  94.23492	 106.31123	 119.43383	 133.55172	 148.51641	 164.09644	 180.00000
  54.00000	  63.37831	  73.07184	  83.36502	  94.48364	 106.57280	 119.68265	 133.76342	 148.67025	 164.17732	 180.00000
  54.00000	  63.45712	  73.22175	  83.57138	  94.72627	 106.82797	 119.92538	 133.96993	 148.82031	 164.25622	 180.00000
  54.00000	  63.53400	  73.36800	  83.77270	  94.96297	 107.07690	 120.16217	 134.17139	 148.96669	 164.33319	 180.00000
  54.00000	  63.60900	  73.51067	  83.96909	  95.19389	 107.31973	 120.39315	 134.36791	 149.10949	 164.40827	 180.00000
  54.00000	  63.68217	  73.64986	  84.16069	  95.41915	 107.55663	 120.61849	 134.55962	 149.24879	 164.48151	 180.00000
  54.00000	  63.75355	  73.78564	  84.34760	  95.63890	 107.78772	 120.83830	 134.74663	 149.38468	 164.55295	 180.00000
  54.00000	  63.82319	  73.91811	  84.52993	  95.85328	 108.01316	 121.05274	 134.92906	 149.51723	 164.62264	 180.00000
  54.00000	  63.89112	  74.04733	  84.70781	  96.06241	 108.23309	 121.26193	 135.10702	 149.64654	 164.69063	 180.00000
  54.00000	  63.95739	  74.17340	  84.88134	  96.26643	 108.44763	 121.46599	 135.28063	 149.77268	 164.75695	 180.00000
  54.00000	  64.02205	  74.29638	  85.05063	  96.46546	 108.65692	 121.66506	 135.44998	 149.89574	 164.82165	 180.00000
  54.00000	  64.08512	  74.41636	  85.21578	  96.65962	 108.86109	 121.85925	 135.61519	 150.01578	 164.88476	 180.00000
  54.00000	  64.14665	  74.53340	  85.37688	  96.84903	 109.06026	 122.04870	 135.77635	 150.13287	 164.94632	 180.00000
  54.00000	  64.20668	  74.64759	  85.53405	  97.03380	 109.25456	 122.23350	 135.93357	 150.24711	 165.00638	 180.00000
  54.00000	  64.26523	  74.75897	  85.68737	  97.21405	 109.44411	 122.41378	 136.08694	 150.35854	 165.06497	 180.00000
  54.00000	  64.32236	  74.86764	  85.83694	  97.38990	 109.62901	 122.58965	 136.23655	 150.46725	 165.12212	 180.00000
  54.00000	  64.37809	  74.97364	  85.98285	  97.56144	 109.80939	 122.76122	 136.38250	 150.57329	 165.17787	 180.00000
  54.00000	  64.43246	  75.07706	  86.12520	  97.72878	 109.98536	 122.92858	 136.52488	 150.67674	 165.23226	 180.00000
  54.00000	  64.48549	  75.17794	  86.26406	  97.89203	 110.15702	 123.09185	 136.66377	 150.77765	 165.28531	 180.00000
  54.00000	  64.53723	  75.27636	  86.39952	  98.05128	 110.32448	 123.25112	 136.79926	 150.87610	 165.33707	 180.00000
  54.00000	  64.58771	  75.37237	  86.53167	  98.20664	 110.48784	 123.40650	 136.93143	 150.97213	 165.38756	 180.00000
  54.00000	  64.63694	  75.46603	  86.66059	  98.35820	 110.64721	 123.55807	 137.06037	 151.06581	 165.43681	 180.00000
  54.00000	  64.68498	  75.55740	  86.78635	  98.50605	 110.80267	 123.70593	 137.18616	 151.15720	 165.48486	 180.00000
  54.00000	  64.73184	  75.64653	  86.90904	  98.65028	 110.95433	 123.85017	 137.30886	 151.24636	 165.53173	 180.00000
  54.00000	  64.77755	  75.73348	  87.02872	  98.79098	 111.10228	 123.99088	 137.42856	 151.33333	 165.57745	 180.00000
  54.00000	  64.82215	  75.81831	  87.14548	  98.92824	 111.24660	 124.12815	 137.54533	 151.41817	 165.62206	 180.00000
  54.00000	  64.86565	  75.90106	  87.25938	  99.06214	 111.38740	 124.26206	 137.65925	 151.50093	 165.66557	 180.00000
  54.00000	  64.90809	  75.98179	  87.37049	  99.19276	 111.52475	 124.39269	 137.77037	 151.58167	 165.70802	 180.00000
  54.00000	  64.94949	  76.06054	  87.47888	  99.32019	 111.65874	 124.52013	 137.87878	 151.66043	 165.74943	 180.00000
  54.00000	  64.98988	  76.13736	  87.58462	  99.44450	 111.78945	 124.64444	 137.98453	 151.73727	 165.78982	 180.00000
  54.00000	  65.02928	  76.21231	  87.68778	  99.56577	 111.91696	 124.76572	 138.08769	 151.81222	 165.82923	 180.00000
  54.00000	  65.06772	  76.28542	  87.78841	  99.68407	 112.04135	 124.88402	 138.18833	 151.88534	 165.86767	 180.00000
  54.00000	  65.10521	  76.35674	  87.88658	  99.79947	 112.16270	 124.99943	 138.28650	 151.95667	 165.90517	 180.00000
  54.00000	  65.14179	  76.42632	  87.98234	  99.91206	 112.28108	 125.11202	 138.38228	 152.02625	 165.94175	 180.00000
  54.00000	  65.17748	  76.49419	  88.07576	 100.02188	 112.39656	 125.22185	 138.47571	 152.09413	 165.97744	 180.00000
  54.00000	  65.21229	  76.56041	  88.16690	 100.12902	 112.50921	 125.32899	 138.56685	 152.16035	 166.01225	 180.00000
  54.00000	  65.24624	  76.62500	  88.25581	 100.23354	 112.61911	 125.43351	 138.65576	 152.22495	 166.04621	 180.00000
  54.00000	  65.27937	  76.68801	  88.34254	 100.33550	 112.72632	 125.53547	 138.74249	 152.28797	 166.07935	 180.00000
  54.00000	  65.31169	  76.74948	  88.42715	 100.43496	 112.83090	 125.63494	 138.82711	 152.34944	 166.11167	 180.00000
  54.00000	  65.34322	  76.80945	  88.50968	 100.53199	 112.93292	 125.73197	 138.90965	 152.40942	 166.14319	 180.00000
  54.00000	  65.37397	  76.86795	  88.59020	 100.62665	 113.03245	 125.82663	 138.99017	 152.46792	 166.17395	 180.00000
  54.00000	  65.40397	  76.92502	  88.66875	 100.71899	 113.12955	 125.91897	 139.06872	 152.52499	 166.20396	 180.00000
  54.00000	  65.43324	  76.98069	  88.74538	 100.80907	 113.22426	 126.00905	 139.14535	 152.58066	 166.23322	 180.00000
  54.00000	  65.46179	  77.03500	  88.82013	 100.89694	 113.31666	 126.09693	 139.22010	 152.63498	 166.26178	 180.00000
  54.00000	  65.48965	  77.08798	  88.89305	 100.98267	 113.40680	 126.18266	 139.29303	 152.68796	 166.28963	 180.00000
  54.00000	  65.51682	  77.13966	  88.96419	 101.06630	 113.49473	 126.26629	 139.36417	 152.73965	 166.31681	 180.00000
  54.00000	  65.54333	  77.19008	  89.03358	 101.14788	 113.58051	 126.34787	 139.43357	 152.79007	 166.34331	 180.00000
  54.00000	  65.56918	  77.23927	  89.10128	 101.22746	 113.66419	 126.42745	 139.50127	 152.83925	 166.36917	 180.00000
  54.00000	  65.59441	  77.28725	  89.16732	 101.30510	 113.74583	 126.50509	 139.56731	 152.88724	 166.39440	 180.00000
  54.00000	  65.61902	  77.33406	  89.23175	 101.38084	 113.82546	 126.58083	 139.63174	 152.93405	 166.41901	 180.00000
  54.00000	  65.64302	  77.37972	  89.29460	 101.45472	 113.90315	 126.65471	 139.69459	 152.97971	 166.44302	 180.00000
  54.00000	  65.66644	  77.42427	  89.35591	 101.52680	 113.97893	 126.72679	 139.75590	 153.02426	 166.46644	 180.00000
  54.00000	  65.68929	  77.46772	  89.41572	 101.59711	 114.05286	 126.79710	 139.81571	 153.06771	 166.48928	 180.00000
  54.00000	  65.71157	  77.51011	  89.47407	 101.66570	 114.12498	 126.86570	 139.87406	 153.11010	 166.51157	 180.00000
  54.00000	  65.73332	  77.55147	  89.53099	 101.73261	 114.19534	 126.93261	 139.93098	 153.15146	 166.53331	 180.00000
  54.00000	  65.75452	  77.59181	  89.58651	 101.79789	 114.26398	 126.99788	 139.98651	 153.19180	 166.55452	 180.00000
  54.00000	  65.77521	  77.63116	  89.64068	 101.86157	 114.33093	 127.06156	 140.04068	 153.23116	 166.57521	 180.00000
  54.00000	  65.79540	  77.66956	  89.69352	 101.92369	 114.39625	 127.12368	 140.09352	 153.26955	 166.59539	 180.00000
  54.00000	  65.81509	  77.70701	  89.74507	 101.98429	 114.45997	 127.18428	 140.14507	 153.30700	 166.61508	 180.00000
  54.00000	  65.83430	  77.74354	  89.79536	 102.04340	 114.52213	 127.24340	 140.19536	 153.34354	 166.63429	 180.00000
  54.00000	  65.85303	  77.77919	  89.84442	 102.10107	 114.58276	 127.30107	 140.24441	 153.37918	 166.65303	 180.00000
  54.00000	  65.87131	  77.81396	  89.89227	 102.15733	 114.64192	 127.35733	 140.29227	 153.41395	 166.67131	 180.00000
  54.00000	  65.88915	  77.84787	  89.93896	 102.21221	 114.69962	 127.41221	 140.33895	 153.44787	 166.68914	 180.00000
  54.00000	  65.90654	  77.88096	  89.98450	 102.26575	 114.75592	 127.46575	 140.38450	 153.48096	 166.70654	 180.00000
  54.00000	  65.92351	  77.91324	  90.02893	 102.31798	 114.81083	 127.51798	 140.42893	 153.51324	 166.72351	 180.00000
  54.00000	  65.94007	  77.94473	  90.07227	 102.36893	 114.86441	 127.56893	 140.47227	 153.54473	 166.74006	 180.00000
  54.00000	  65.95622	  77.97545	  90.11455	 102.41864	 114.91667	 127.61863	 140.51455	 153.57545	 166.75621	 180.00000
  54.00000	  65.97197	  78.00542	  90.15580	 102.46712	 114.96765	 127.66712	 140.55579	 153.60541	 166.77197	 180.00000
  54.00000	  65.98734	  78.03465	  90.19603	 102.51442	 115.01739	 127.71442	 140.59603	 153.63465	 166.78734	 180.00000
  54.00000	  66.00233	  78.06317	  90.23529	 102.56057	 115.06590	 127.76057	 140.63528	 153.66317	 166.80233	 180.00000
  54.00000	  66.01696	  78.09099	  90.27358	 102.60558	 115.11324	 127.80558	 140.67357	 153.69099	 166.81696	 180.00000
  54.00000	  66.03123	  78.11813	  90.31093	 102.64949	 115.15941	 127.84949	 140.71093	 153.71813	 166.83123	 180.00000
  54.00000	  66.04515	  78.14460	  90.34737	 102.69233	 115.20445	 127.89233	 140.74737	 153.74460	 166.84514	 180.00000
  54.00000	  66.05872	  78.17043	  90.38292	 102.73412	 115.24839	 127.93412	 140.78292	 153.77043	 166.85872	 180.00000
  54.00000	  66.07197	  78.19563	  90.41760	 102.77489	 115.29126	 127.97489	 140.81760	 153.79562	 166.87197	 180.00000
  54.00000	  66.08489	  78.22020	  90.45143	 102.81466	 115.33307	 128.01466	 140.85143	 153.82020	 166.88489	 180.00000
  54.00000	  66.09750	  78.24418	  90.48443	 102.85345	 115.37386	 128.05345	 140.88443	 153.84418	 166.89750	 180.00000
  54.00000	  66.10979	  78.26757	  90.51662	 102.89130	 115.41366	 128.09130	 140.91662	 153.86757	 166.90979	 180.00000
  54.00000	  66.12179	  78.29039	  90.54803	 102.92822	 115.45248	 128.12822	 140.94803	 153.89039	 166.92179	 180.00000
  54.00000	  66.13349	  78.31265	  90.57867	 102.96424	 115.49035	 128.16424	 140.97867	 153.91265	 166.93349	 180.00000
  54.00000	  66.14491	  78.33437	  90.60856	 102.99937	 115.52729	 128.19937	 141.00856	 153.93436	 166.94491	 180.00000
  54.00000	  66.15605	  78.35555	  90.63771	 103.03365	 115.56333	 128.23365	 141.03771	 153.95555	 166.95605	 180.00000
  54.00000	  66.16691	  78.37621	  90.66616	 103.06709	 115.59849	 128.26709	 141.06616	 153.97621	 166.96691	 180.00000
  54.00000	  66.17751	  78.39637	  90.69390	 103.09970	 115.63279	 128.29970	 141.09390	 153.99637	 166.97751	 180.00000
  54.00000	  66.18785	  78.41604	  90.72097	 103.13152	 115.66625	 128.33152	 141.12097	 154.01604	 166.98785	 180.00000
  54.00000	  66.19793	  78.43522	  90.74738	 103.16257	 115.69889	 128.36257	 141.14738	 154.03522	 166.99793	 180.00000
  54.00000	  66.20777	  78.45394	  90.77314	 103.19285	 115.73073	 128.39285	 141.17314	 154.05394	 167.00777	 180.00000
  54.00000	  66.21737	  78.47220	  90.79827	 103.22239	 115.76179	 128.42239	 141.19826	 154.07220	 167.01737	 180.00000
  54.00000	  66.22673	  78.49001	  90.82278	 103.25121	 115.79209	 128.45121	 141.22278	 154.09001	 167.02673	 180.00000
  54.00000	  66.23587	  78.50738	  90.84669	 103.27932	 115.82165	 128.47932	 141.24669	 154.10738	 167.03587	 180.00000
  54.00000	  66.24478	  78.52433	  90.87002	 103.30675	 115.85048	 128.50675	 141.27002	 154.12433	 167.04478	 180.00000
  54.00000	  66.25347	  78.54087	  90.89278	 103.33350	 115.87862	 128.53350	 141.29278	 154.14087	 167.05347	 180.00000
  54.00000	  66.26195	  78.55700	  90.91498	 103.35960	 115.90606	 128.55960	 141.31498	 154.15700	 167.06195	 180.00000
  54.00000	  66.27023	  78.57273	  90.93664	 103.38506	 115.93283	 128.58506	 141.33664	 154.17273	 167.07023	 180.00000
  54.00000	  66.27830	  78.58808	  90.95777	 103.40990	 115.95894	 128.60990	 141.35777	 154.18808	 167.07830	 180.00000
  54.00000	  66.28617	  78.60306	  90.97838	 103.43413	 115.98442	 128.63413	 141.37838	 154.20306	 167.08617	 180.00000
  54.00000	  66.29385	  78.61767	  90.99849	 103.45776	 116.00927	 128.65776	 141.39849	 154.21767	 167.09385	 180.00000
  54.00000	  66.30134	  78.63192	  91.01810	 103.48082	 116.03352	 128.68082	 141.41810	 154.23192	 167.10134	 180.00000
  54.00000	  66.30865	  78.64582	  91.03723	 103.50332	 116.05717	 128.70331	 141.43723	 154.24582	 167.10865	 180.00000
  54.00000	  66.31578	  78.65938	  91.05590	 103.52526	 116.08024	 128.72526	 141.45590	 154.25938	 167.11578	 180.00000
  54.00000	  66.32273	  78.67261	  91.07411	 103.54666	 116.10275	 128.74666	 141.47411	 154.27261	 167.12273	 180.00000
  54.00000	  66.32952	  78.68552	  91.09187	 103.56755	 116.12471	 128.76755	 141.49187	 154.28552	 167.12952	 180.00000
  54.00000	  66.33614	  78.69811	  91.10920	 103.58792	 116.14613	 128.78792	 141.50920	 154.29811	 167.13614	 180.00000
  54.00000	  66.34260	  78.71039	  91.12611	 103.60779	 116.16702	 128.80779	 141.52611	 154.31039	 167.14260	 180.00000
  54.00000	  66.34890	  78.72237	  91.14260	 103.62718	 116.18741	 128.82718	 141.54260	 154.32237	 167.14890	 180.00000
  54.00000	  66.35504	  78.73406	  91.15869	 103.64609	 116.20729	 128.84609	 141.55869	 154.33406	 167.15504	 180.00000
  54.00000	  66.36103	  78.74546	  91.17438	 103.66454	 116.22669	 128.86454	 141.57438	 154.34546	 167.16103	 180.00000
  54.00000	  66.36688	  78.75658	  91.18969	 103.68254	 116.24562	 128.88254	 141.58969	 154.35658	 167.16688	 180.00000
  54.00000	  66.37259	  78.76744	  91.20463	 103.70010	 116.26408	 128.90010	 141.60463	 154.36744	 167.17259	 180.00000
  54.00000	  66.37815	  78.77802	  91.21920	 103.71722	 116.28209	 128.91722	 141.61920	 154.37802	 167.17815	 180.00000
  54.00000	  66.38358	  78.78835	  91.23341	 103.73393	 116.29966	 128.93393	 141.63341	 154.38835	 167.18358	 180.00000
  54.00000	  66.38888	  78.79842	  91.24727	 103.75023	 116.31679	 128.95023	 141.64727	 154.39842	 167.18888	 180.00000
  54.00000	  66.39404	  78.80825	  91.26080	 103.76613	 116.33351	 128.96613	 141.66080	 154.40825	 167.19404	 180.00000
  54.00000	  66.39908	  78.81784	  91.27400	 103.78165	 116.34982	 128.98165	 141.67400	 154.41784	 167.19908	 180.00000
  54.00000	  66.40400	  78.82719	  91.28687	 103.79678	 116.36573	 128.99678	 141.68687	 154.42719	 167.20400	 180.00000
  54.00000	  66.40880	  78.83631	  91.29943	 103.81154	 116.38126	 129.01154	 141.69943	 154.43631	 167.20880	 180.00000
  54.00000	  66.41348	  78.84521	  91.31168	 103.82594	 116.39640	 129.02594	 141.71168	 154.44521	 167.21348	 180.00000
  54.00000	  66.41804	  78.85389	  91.32363	 103.83999	 116.41117	 129.03999	 141.72363	 154.45389	 167.21804	 180.00000
  54.00000	  66.42249	  78.86236	  91.33528	 103.85369	 116.42558	 129.05369	 141.73528	 154.46236	 167.22249	 180.00000
  54.00000	  66.42684	  78.87063	  91.34666	 103.86706	 116.43964	 129.06706	 141.74666	 154.47063	 167.22684	 180.00000
  54.00000	  66.43108	  78.87869	  91.35775	 103.88010	 116.45335	 129.08010	 141.75775	 154.47869	 167.23108	 180.00000
  54.00000	  66.43521	  78.88655	  91.36857	 103.89283	 116.46673	 129.09283	 141.76857	 154.48655	 167.23521	 180.00000
  54.00000	  66.43924	  78.89422	  91.37913	 103.90524	 116.47978	 129.10524	 141.77913	 154.49422	 167.23924	 180.00000
  54.00000	  66.44318	  78.90170	  91.38943	 103.91735	 116.49251	 129.11735	 141.78943	 154.50170	 167.24318	 180.00000
  54.00000	  66.44701	  78.90900	  91.39948	 103.92916	 116.50493	 129.12916	 141.79948	 154.50900	 167.24701	 180.00000
  54.00000	  66.45076	  78.91612	  91.40928	 103.94068	 116.51704	 129.14068	 141.80928	 154.51612	 167.25076	 180.00000
  54.00000	  66.45441	  78.92307	  91.41884	 103.95192	 116.52886	 129.15192	 141.81884	 154.52307	 167.25441	 180.00000
  54.00000	  66.45797	  78.92985	  91.42817	 103.96289	 116.54039	 129.16289	 141.82817	 154.52985	 167.25797	 180.00000
  54.00000	  66.46145	  78.93646	  91.43727	 103.97358	 116.55164	 129.17358	 141.83727	 154.53646	 167.26145	 180.00000
  54.00000	  66.46484	  78.94291	  91.44614	 103.98402	 116.56261	 129.18402	 141.84614	 154.54291	 167.26484	 180.00000
  54.00000	  66.46815	  78.94920	  91.45480	 103.99420	 116.57331	 129.19420	 141.85480	 154.54920	 167.26815	 180.00000
  54.00000	  66.47137	  78.95534	  91.46325	 104.00413	 116.58376	 129.20413	 141.86325	 154.55534	 167.27137	 180.00000
  54.00000	  66.47452	  78.96132	  91.47149	 104.01382	 116.59394	 129.21382	 141.87149	 154.56132	 167.27452	 180.00000
  54.00000	  66.47759	  78.96717	  91.47953	 104.02327	 116.60388	 129.22327	 141.87953	 154.56717	 167.27759	 180.00000
  54.00000	  66.48059	  78.97286	  91.48737	 104.03249	 116.61357	 129.23249	 141.88737	 154.57286	 167.28059	 180.00000
